{
 "cells": [
  {
   "cell_type": "raw",
   "id": "ee37d132",
   "metadata": {},
   "source": [
    "Principles of Computer Science II - Fifth Assignment\n",
    "Anastasia Sonego - 1879436 - pdst"
   ]
  },
  {
   "cell_type": "code",
   "execution_count": 5,
   "id": "8fb17131",
   "metadata": {},
   "outputs": [
    {
     "name": "stdout",
     "output_type": "stream",
     "text": [
      "0.0 0.31269035532994927 0.31269035532994927 0.4649746192893401 0.4852791878172589 0.5492385786802031 0.46903553299492384 0.29441624365482233 0.5715736040609137 0.4720812182741117 \n",
      "0.31269035532994927 0.0 0.46903553299492384 0.5604060913705584 0.581725888324873 0.4700507614213198 0.3269035532994924 0.47106598984771575 0.483248730964467 0.5543147208121827 \n",
      "0.31269035532994927 0.46903553299492384 0.0 0.5705583756345177 0.3299492385786802 0.616243654822335 0.5756345177664974 0.45989847715736043 0.6294416243654822 0.5553299492385787 \n",
      "0.4649746192893401 0.5604060913705584 0.5705583756345177 0.0 0.5918781725888325 0.650761421319797 0.6101522842639594 0.3116751269035533 0.6345177664974619 0.45989847715736043 \n",
      "0.4852791878172589 0.581725888324873 0.3299492385786802 0.5918781725888325 0.0 0.6690355329949239 0.6395939086294417 0.5431472081218274 0.6680203045685279 0.6 \n",
      "0.5492385786802031 0.4700507614213198 0.616243654822335 0.650761421319797 0.6690355329949239 0.0 0.32893401015228424 0.6040609137055838 0.5045685279187817 0.6426395939086295 \n",
      "0.46903553299492384 0.3269035532994924 0.5756345177664974 0.6101522842639594 0.6395939086294417 0.32893401015228424 0.0 0.534010152284264 0.30761421319796955 0.601015228426396 \n",
      "0.29441624365482233 0.47106598984771575 0.45989847715736043 0.3116751269035533 0.5431472081218274 0.6040609137055838 0.534010152284264 0.0 0.6111675126903553 0.3208121827411167 \n",
      "0.5715736040609137 0.483248730964467 0.6294416243654822 0.6345177664974619 0.6680203045685279 0.5045685279187817 0.30761421319796955 0.6111675126903553 0.0 0.6517766497461929 \n",
      "0.4720812182741117 0.5543147208121827 0.5553299492385787 0.45989847715736043 0.6 0.6426395939086295 0.601015228426396 0.3208121827411167 0.6517766497461929 0.0 \n"
     ]
    }
   ],
   "source": [
    "from Bio import SeqIO\n",
    "\n",
    "def pdst(strings):\n",
    "    for x in strings:\n",
    "        for y in strings:\n",
    "            n=0\n",
    "            for i in range(len(x)):\n",
    "                if x[i]!=y[i]:\n",
    "                    n+=1\n",
    "            print(n/len(x),end=' ')\n",
    "        print('\\n',end='')\n",
    "\n",
    "strings=[]\n",
    "for data in SeqIO.parse('rosalind_pdst.txt', 'fasta'):\n",
    "    strings.append(data.seq)\n",
    "pdst(strings)"
   ]
  },
  {
   "cell_type": "code",
   "execution_count": null,
   "id": "7ebd82ca",
   "metadata": {},
   "outputs": [],
   "source": []
  }
 ],
 "metadata": {
  "kernelspec": {
   "display_name": "Python 3",
   "language": "python",
   "name": "python3"
  },
  "language_info": {
   "codemirror_mode": {
    "name": "ipython",
    "version": 3
   },
   "file_extension": ".py",
   "mimetype": "text/x-python",
   "name": "python",
   "nbconvert_exporter": "python",
   "pygments_lexer": "ipython3",
   "version": "3.7.9"
  }
 },
 "nbformat": 4,
 "nbformat_minor": 5
}
